[Window][DockSpaceViewport_11111111]
Pos=0,0
Size=2560,1369
Collapsed=0

[Window][Debug##Default]
Pos=60,60
Size=400,400
Collapsed=0

[Window][Node Editor]
Pos=189,493
Size=1764,747
Collapsed=0

[Window][Texture Preview]
Pos=2100,1047
Size=176,160
Collapsed=0

[Docking][Data]
DockSpace ID=0x8B93E3BD Window=0xA787BDB4 Pos=0,0 Size=2560,1369 CentralNode=1


[NoiseToolMeshNoisePreview][Settings]
tri_limit=35000000
frequency=0.005000
iso_surface=0.000000
heightmap_multiplier=100.000000
seed=1338
color=16777215
mesh_type=0
enabled=1

[NoiseToolNoiseTexture][Settings]
frequency=0.020000
seed=1337
gen_type=0
export_size=4096:4096

[NoiseToolNodeGraph][Settings]
grid_offset=1729.256714:-9.026657
frequency=0.020000
seed=1337
gen_type=0

[NoiseToolNodeData][Node:9]
id=11
grid_pos=-1414.256714:69.026657

[NoiseToolNodeData][Node:13]
variable=4
variable=1075838976
node=11
hybrid=0:0.650000
hybrid=0:0.500000
id=12
grid_pos=-1134.256714:69.026672

[NoiseToolNodeData][Node:19]
variable=1050253722
node=12
id=13
grid_pos=-854.256714:69.026672

[NoiseToolNodeData][Node:4]
variable=0
variable=1077936128
variable=0
variable=0
variable=0
variable=0
variable=0
variable=0
id=14
grid_pos=-854.256714:449.026672

[NoiseToolNodeData][Node:25]
node=13
hybrid=14:0.000000
id=15
grid_pos=-574.256714:259.026672

[NoiseToolNodeData][Node:16]
variable=1073741824
node=15
hybrid=0:0.200000
id=16
grid_pos=-294.256714:259.026672

[NoiseToolNodeData][Node:17]
variable=2
variable=1075838976
node=16
hybrid=0:0.700000
hybrid=0:0.220000
id=17
grid_pos=-14.256714:259.026672
